a = [1 2 3; 4 5 6; 9 8 7]
a2 = [3 2 1; 6 5 4; 7 8 9];

b = [1 ; 3; 9]
b2 = [9; 3; 1]
a*b
a2*b
a2*b2

a3 = a
a3(:,[3 2 1]) = a

b3 = b
b3([3 2 1]) = b
